30.00 165.00 18.00 161.00 143.00 227.00 104.00 219.00 246.00 207.00 171.00 234.00 163.00 84.00 36.00 236.00 55.00 117.00 9.00 41.00 84.00 217.00 74.00 128.00 155.00 169.00 171.00 121.00 63.00 39.00 191.00 179.00 140.00 185.00 118.00 211.00 75.00 171.00 182.00 218.00 245.00 16.00 200.00 69.00 91.00 210.00 161.00 221.00 128.00 128.00
51.00 210.00 106.00 104.00 154.00 135.00 78.00 23.00 115.00 235.00 183.00 87.00 220.00 52.00 184.00 212.00 173.00 246.00 8.00 84.00 144.00 211.00 108.00 47.00 167.00 189.00 180.00 28.00 76.00 246.00 57.00 79.00 225.00 4.00 19.00 110.00 89.00 85.00 8.00 217.00 169.00 136.00 66.00 252.00 245.00 64.00 206.00 125.00 49.00 49.00
170.00 183.00 94.00 59.00 174.00 95.00 224.00 92.00 189.00 74.00 196.00 178.00 90.00 167.00 131.00 246.00 167.00 250.00 48.00 204.00 35.00 92.00 195.00 138.00 44.00 117.00 110.00 170.00 162.00 30.00 239.00 77.00 249.00 2.00 23.00 96.00 54.00 29.00 49.00 23.00 38.00 161.00 172.00 244.00 121.00 153.00 54.00 146.00 4.00 4.00
172.00 215.00 63.00 239.00 195.00 123.00 66.00 174.00 212.00 45.00 29.00 143.00 79.00 90.00 117.00 151.00 203.00 172.00 204.00 121.00 236.00 180.00 176.00 169.00 82.00 64.00 233.00 2.00 163.00 143.00 131.00 191.00 248.00 17.00 139.00 180.00 202.00 114.00 224.00 254.00 222.00 24.00 110.00 226.00 58.00 47.00 106.00 89.00 220.00 220.00
245.00 194.00 143.00 65.00 222.00 193.00 72.00 37.00 129.00 38.00 135.00 37.00 39.00 237.00 114.00 114.00 38.00 38.00 130.00 23.00 121.00 252.00 231.00 16.00 213.00 58.00 234.00 20.00 103.00 96.00 42.00 217.00 153.00 19.00 208.00 9.00 220.00 11.00 220.00 18.00 98.00 231.00 144.00 199.00 194.00 133.00 34.00 164.00 248.00 248.00
245.00 184.00 223.00 211.00 232.00 108.00 69.00 50.00 223.00 10.00 129.00 213.00 211.00 223.00 206.00 207.00 148.00 151.00 154.00 242.00 88.00 212.00 32.00 64.00 147.00 248.00 40.00 15.00 254.00 11.00 243.00 85.00 61.00 75.00 179.00 187.00 110.00 205.00 140.00 239.00 242.00 255.00 18.00 51.00 137.00 61.00 228.00 92.00 59.00 59.00
159.00 160.00 67.00 56.00 79.00 111.00 41.00 114.00 24.00 67.00 142.00 178.00 3.00 49.00 58.00 122.00 145.00 191.00 168.00 202.00 63.00 23.00 226.00 147.00 168.00 75.00 216.00 53.00 60.00 42.00 93.00 86.00 14.00 156.00 254.00 177.00 192.00 130.00 235.00 133.00 249.00 91.00 113.00 73.00 200.00 157.00 157.00 73.00 73.00 73.00
154.00 195.00 25.00 170.00 211.00 141.00 206.00 131.00 225.00 112.00 54.00 253.00 2.00 121.00 250.00 79.00 43.00 110.00 186.00 99.00 224.00 217.00 94.00 190.00 238.00 198.00 47.00 48.00 148.00 18.00 197.00 65.00 23.00 208.00 237.00 30.00 74.00 156.00 138.00 109.00 243.00 167.00 119.00 244.00 227.00 144.00 254.00 224.00 121.00 121.00
243.00 218.00 196.00 112.00 97.00 105.00 153.00 108.00 84.00 85.00 29.00 64.00 74.00 77.00 117.00 43.00 157.00 101.00 109.00 197.00 15.00 187.00 75.00 162.00 78.00 230.00 223.00 134.00 203.00 156.00 26.00 142.00 56.00 3.00 39.00 219.00 229.00 240.00 144.00 216.00 108.00 8.00 124.00 230.00 186.00 205.00 239.00 183.00 90.00 90.00
206.00 27.00 129.00 237.00 115.00 42.00 231.00 232.00 29.00 128.00 199.00 127.00 83.00 89.00 246.00 2.00 22.00 30.00 97.00 65.00 49.00 189.00 72.00 141.00 129.00 142.00 22.00 6.00 221.00 61.00 6.00 85.00 90.00 126.00 56.00 255.00 251.00 207.00 7.00 170.00 74.00 58.00 252.00 109.00 80.00 228.00 231.00 132.00 59.00 59.00
232.00 111.00 23.00 240.00 33.00 223.00 160.00 68.00 92.00 174.00 201.00 45.00 14.00 34.00 33.00 106.00 194.00 215.00 83.00 13.00 6.00 117.00 31.00 60.00 60.00 191.00 14.00 238.00 136.00 246.00 104.00 253.00 59.00 234.00 67.00 7.00 221.00 204.00 28.00 148.00 105.00 69.00 80.00 209.00 231.00 180.00 227.00 54.00 40.00 40.00
233.00 32.00 65.00 140.00 169.00 16.00 11.00 1.00 203.00 28.00 37.00 181.00 114.00 83.00 74.00 142.00 4.00 143.00 198.00 193.00 137.00 54.00 63.00 21.00 209.00 96.00 62.00 219.00 86.00 67.00 246.00 244.00 222.00 199.00 252.00 189.00 190.00 20.00 163.00 215.00 100.00 28.00 99.00 115.00 133.00 116.00 153.00 182.00 9.00 9.00
125.00 192.00 205.00 186.00 12.00 146.00 194.00 224.00 111.00 84.00 125.00 202.00 27.00 67.00 158.00 148.00 158.00 136.00 37.00 184.00 94.00 150.00 184.00 218.00 86.00 49.00 225.00 238.00 212.00 207.00 120.00 84.00 159.00 199.00 250.00 138.00 88.00 112.00 111.00 116.00 218.00 88.00 230.00 83.00 66.00 65.00 202.00 4.00 127.00 127.00
130.00 11.00 115.00 10.00 177.00 105.00 251.00 68.00 105.00 6.00 31.00 225.00 246.00 104.00 212.00 79.00 24.00 228.00 115.00 212.00 70.00 155.00 255.00 156.00 111.00 25.00 250.00 250.00 171.00 146.00 255.00 234.00 94.00 121.00 114.00 85.00 224.00 206.00 80.00 227.00 254.00 242.00 220.00 199.00 173.00 151.00 220.00 130.00 206.00 206.00
171.00 89.00 187.00 96.00 107.00 94.00 162.00 191.00 184.00 167.00 236.00 53.00 27.00 191.00 201.00 69.00 123.00 208.00 235.00 26.00 102.00 35.00 45.00 193.00 3.00 156.00 49.00 123.00 238.00 17.00 58.00 50.00 23.00 194.00 190.00 239.00 254.00 224.00 77.00 144.00 142.00 115.00 218.00 119.00 127.00 200.00 93.00 171.00 176.00 176.00
27.00 50.00 215.00 30.00 172.00 227.00 50.00 179.00 54.00 60.00 174.00 76.00 136.00 155.00 103.00 151.00 32.00 25.00 120.00 182.00 229.00 142.00 182.00 88.00 193.00 82.00 246.00 252.00 85.00 159.00 215.00 68.00 7.00 4.00 24.00 224.00 170.00 48.00 36.00 103.00 54.00 5.00 15.00 63.00 131.00 193.00 85.00 72.00 62.00 62.00
54.00 100.00 223.00 245.00 40.00 208.00 169.00 5.00 187.00 183.00 46.00 147.00 236.00 30.00 145.00 249.00 206.00 185.00 75.00 74.00 82.00 201.00 81.00 43.00 12.00 253.00 129.00 222.00 19.00 205.00 216.00 67.00 110.00 54.00 13.00 59.00 155.00 29.00 15.00 57.00 44.00 134.00 59.00 88.00 226.00 254.00 14.00 88.00 68.00 68.00
252.00 42.00 45.00 43.00 62.00 244.00 132.00 153.00 163.00 51.00 141.00 31.00 78.00 140.00 13.00 43.00 204.00 25.00 164.00 51.00 83.00 205.00 164.00 24.00 158.00 10.00 91.00 121.00 46.00 106.00 146.00 93.00 21.00 102.00 204.00 75.00 186.00 42.00 193.00 80.00 226.00 239.00 37.00 185.00 89.00 48.00 176.00 207.00 65.00 65.00
172.00 210.00 69.00 238.00 210.00 4.00 97.00 141.00 193.00 83.00 254.00 74.00 127.00 184.00 147.00 216.00 72.00 253.00 108.00 158.00 72.00 88.00 23.00 127.00 131.00 255.00 40.00 104.00 222.00 127.00 115.00 55.00 220.00 250.00 4.00 48.00 188.00 237.00 15.00 113.00 180.00 29.00 5.00 24.00 249.00 70.00 69.00 155.00 96.00 96.00
95.00 82.00 247.00 16.00 91.00 244.00 183.00 198.00 2.00 240.00 118.00 100.00 39.00 34.00 206.00 111.00 217.00 22.00 183.00 177.00 189.00 167.00 247.00 197.00 214.00 235.00 18.00 45.00 120.00 213.00 16.00 132.00 147.00 155.00 56.00 233.00 172.00 37.00 154.00 155.00 46.00 164.00 160.00 3.00 80.00 5.00 159.00 196.00 82.00 82.00
101.00 136.00 35.00 30.00 74.00 46.00 194.00 35.00 201.00 212.00 197.00 58.00 15.00 244.00 22.00 237.00 201.00 37.00 188.00 2.00 43.00 213.00 252.00 114.00 8.00 193.00 20.00 254.00 44.00 111.00 110.00 67.00 100.00 91.00 212.00 123.00 174.00 138.00 240.00 233.00 8.00 80.00 182.00 40.00 98.00 14.00 85.00 244.00 77.00 77.00
161.00 65.00 156.00 3.00 18.00 145.00 26.00 216.00 70.00 175.00 4.00 56.00 213.00 38.00 146.00 157.00 198.00 37.00 200.00 86.00 111.00 93.00 116.00 1.00 197.00 6.00 85.00 151.00 7.00 59.00 1.00 230.00 218.00 165.00 86.00 158.00 8.00 244.00 4.00 254.00 82.00 139.00 59.00 221.00 161.00 67.00 218.00 148.00 35.00 35.00
196.00 216.00 231.00 195.00 104.00 1.00 146.00 88.00 28.00 49.00 86.00 150.00 193.00 101.00 36.00 36.00 14.00 19.00 68.00 177.00 40.00 36.00 115.00 53.00 142.00 207.00 210.00 120.00 254.00 222.00 179.00 106.00 166.00 56.00 2.00 134.00 166.00 71.00 116.00 201.00 99.00 228.00 195.00 91.00 192.00 124.00 174.00 153.00 221.00 221.00
139.00 203.00 41.00 109.00 211.00 81.00 73.00 21.00 30.00 245.00 138.00 243.00 74.00 38.00 244.00 149.00 237.00 140.00 156.00 117.00 160.00 161.00 141.00 116.00 38.00 88.00 99.00 252.00 244.00 127.00 77.00 121.00 195.00 115.00 65.00 234.00 136.00 198.00 11.00 233.00 144.00 52.00 248.00 251.00 198.00 95.00 241.00 47.00 82.00 82.00
251.00 122.00 143.00 99.00 151.00 143.00 243.00 142.00 232.00 243.00 64.00 133.00 183.00 21.00 228.00 236.00 212.00 91.00 35.00 238.00 118.00 200.00 254.00 240.00 50.00 181.00 29.00 183.00 63.00 212.00 101.00 87.00 147.00 52.00 37.00 211.00 200.00 132.00 143.00 33.00 166.00 235.00 213.00 199.00 2.00 24.00 116.00 10.00 30.00 30.00
5.00 50.00 32.00 251.00 221.00 211.00 34.00 120.00 238.00 57.00 130.00 71.00 160.00 137.00 137.00 147.00 186.00 67.00 122.00 209.00 172.00 34.00 95.00 243.00 185.00 38.00 195.00 133.00 216.00 232.00 208.00 121.00 140.00 230.00 183.00 54.00 157.00 248.00 86.00 199.00 44.00 233.00 19.00 202.00 77.00 40.00 145.00 86.00 17.00 17.00
55.00 52.00 2.00 169.00 21.00 145.00 56.00 195.00 198.00 157.00 91.00 142.00 43.00 14.00 229.00 241.00 170.00 223.00 77.00 93.00 192.00 3.00 74.00 242.00 170.00 148.00 41.00 23.00 144.00 110.00 132.00 26.00 231.00 24.00 241.00 137.00 247.00 12.00 22.00 14.00 202.00 29.00 11.00 228.00 51.00 88.00 9.00 154.00 2.00 2.00
200.00 127.00 240.00 220.00 173.00 187.00 31.00 204.00 203.00 11.00 219.00 166.00 153.00 70.00 26.00 54.00 136.00 245.00 182.00 220.00 207.00 212.00 100.00 139.00 169.00 13.00 46.00 218.00 171.00 69.00 167.00 227.00 240.00 102.00 52.00 24.00 67.00 107.00 250.00 190.00 138.00 36.00 216.00 133.00 86.00 232.00 8.00 202.00 167.00 167.00
20.00 99.00 3.00 151.00 184.00 160.00 13.00 212.00 28.00 177.00 49.00 200.00 249.00 166.00 218.00 49.00 128.00 199.00 103.00 91.00 206.00 122.00 128.00 45.00 64.00 11.00 51.00 71.00 47.00 156.00 11.00 161.00 211.00 98.00 231.00 45.00 192.00 201.00 25.00 114.00 106.00 194.00 135.00 171.00 67.00 76.00 76.00 123.00 95.00 95.00
136.00 137.00 151.00 23.00 28.00 6.00 189.00 146.00 3.00 27.00 203.00 172.00 198.00 95.00 105.00 39.00 149.00 58.00 155.00 116.00 75.00 85.00 96.00 85.00 197.00 124.00 87.00 207.00 78.00 13.00 66.00 31.00 124.00 92.00 165.00 63.00 173.00 212.00 159.00 245.00 211.00 212.00 33.00 92.00 158.00 75.00 212.00 138.00 173.00 173.00
43.00 118.00 234.00 203.00 113.00 249.00 186.00 102.00 229.00 113.00 119.00 59.00 184.00 53.00 70.00 22.00 1.00 164.00 117.00 177.00 27.00 37.00 83.00 78.00 7.00 11.00 172.00 92.00 139.00 6.00 83.00 27.00 239.00 229.00 255.00 82.00 186.00 151.00 162.00 67.00 19.00 223.00 157.00 91.00 104.00 219.00 194.00 6.00 214.00 214.00
238.00 240.00 206.00 233.00 72.00 219.00 102.00 8.00 227.00 93.00 227.00 131.00 188.00 50.00 39.00 62.00 39.00 86.00 237.00 98.00 145.00 23.00 235.00 176.00 44.00 253.00 194.00 64.00 103.00 78.00 221.00 229.00 145.00 225.00 54.00 102.00 195.00 45.00 22.00 72.00 255.00 67.00 72.00 70.00 245.00 219.00 202.00 205.00 160.00 160.00
11.00 215.00 73.00 113.00 83.00 235.00 108.00 177.00 11.00 68.00 45.00 123.00 66.00 226.00 23.00 169.00 215.00 204.00 231.00 100.00 22.00 232.00 53.00 158.00 13.00 149.00 139.00 49.00 231.00 156.00 11.00 33.00 78.00 14.00 94.00 61.00 141.00 173.00 6.00 36.00 89.00 99.00 212.00 50.00 133.00 70.00 169.00 84.00 156.00 156.00
213.00 234.00 115.00 197.00 27.00 67.00 196.00 127.00 211.00 99.00 24.00 100.00 6.00 157.00 160.00 57.00 169.00 138.00 251.00 32.00 90.00 189.00 159.00 240.00 137.00 192.00 210.00 178.00 108.00 106.00 202.00 7.00 184.00 92.00 253.00 83.00 196.00 244.00 23.00 94.00 186.00 151.00 129.00 99.00 181.00 174.00 25.00 50.00 237.00 237.00
22.00 2.00 11.00 186.00 46.00 102.00 46.00 61.00 205.00 149.00 25.00 50.00 54.00 16.00 84.00 65.00 238.00 227.00 184.00 12.00 20.00 71.00 27.00 82.00 6.00 94.00 57.00 153.00 91.00 235.00 130.00 73.00 35.00 101.00 85.00 35.00 233.00 77.00 200.00 81.00 38.00 5.00 119.00 198.00 90.00 182.00 11.00 213.00 11.00 11.00
98.00 176.00 15.00 179.00 255.00 183.00 56.00 111.00 79.00 205.00 251.00 60.00 246.00 191.00 46.00 123.00 130.00 101.00 237.00 217.00 40.00 211.00 122.00 59.00 145.00 79.00 151.00 172.00 161.00 185.00 227.00 112.00 190.00 192.00 43.00 86.00 5.00 9.00 186.00 74.00 123.00 148.00 59.00 185.00 3.00 240.00 164.00 120.00 125.00 125.00
156.00 155.00 143.00 95.00 61.00 249.00 34.00 54.00 235.00 200.00 53.00 204.00 195.00 55.00 65.00 227.00 120.00 127.00 204.00 158.00 62.00 247.00 251.00 222.00 237.00 61.00 25.00 126.00 230.00 164.00 234.00 131.00 137.00 216.00 118.00 53.00 56.00 111.00 111.00 214.00 164.00 73.00 178.00 80.00 60.00 16.00 131.00 220.00 203.00 203.00
149.00 201.00 221.00 66.00 119.00 90.00 197.00 129.00 124.00 112.00 5.00 131.00 125.00 151.00 237.00 86.00 35.00 133.00 189.00 168.00 134.00 197.00 87.00 3.00 249.00 11.00 82.00 248.00 7.00 111.00 204.00 227.00 9.00 164.00 53.00 120.00 106.00 33.00 180.00 34.00 136.00 118.00 122.00 111.00 68.00 189.00 15.00 164.00 186.00 186.00
194.00 90.00 93.00 249.00 85.00 117.00 229.00 67.00 48.00 28.00 137.00 137.00 252.00 107.00 54.00 63.00 68.00 27.00 229.00 8.00 8.00 214.00 160.00 247.00 178.00 17.00 150.00 43.00 18.00 113.00 219.00 105.00 77.00 124.00 195.00 155.00 34.00 33.00 22.00 197.00 104.00 208.00 123.00 90.00 181.00 51.00 103.00 203.00 26.00 26.00
102.00 93.00 126.00 48.00 178.00 241.00 34.00 213.00 45.00 50.00 228.00 211.00 214.00 226.00 32.00 24.00 29.00 113.00 18.00 43.00 141.00 128.00 5.00 64.00 171.00 8.00 22.00 100.00 128.00 161.00 94.00 129.00 9.00 107.00 144.00 254.00 39.00 14.00 37.00 69.00 170.00 151.00 216.00 64.00 246.00 3.00 213.00 117.00 207.00 207.00
24.00 61.00 6.00 120.00 241.00 58.00 54.00 248.00 94.00 56.00 251.00 243.00 11.00 2.00 211.00 223.00 143.00 11.00 69.00 164.00 71.00 82.00 202.00 37.00 133.00 174.00 170.00 221.00 189.00 4.00 146.00 42.00 183.00 32.00 85.00 203.00 81.00 50.00 162.00 84.00 47.00 192.00 129.00 10.00 66.00 222.00 74.00 218.00 97.00 97.00
21.00 207.00 99.00 209.00 172.00 58.00 187.00 165.00 246.00 114.00 33.00 54.00 209.00 127.00 53.00 69.00 162.00 89.00 184.00 125.00 139.00 139.00 119.00 180.00 1.00 172.00 148.00 214.00 206.00 152.00 224.00 222.00 141.00 38.00 162.00 121.00 255.00 59.00 213.00 96.00 219.00 159.00 127.00 125.00 25.00 110.00 208.00 234.00 79.00 79.00
96.00 59.00 202.00 56.00 184.00 116.00 222.00 164.00 84.00 9.00 32.00 198.00 77.00 75.00 107.00 181.00 225.00 230.00 78.00 173.00 94.00 112.00 198.00 185.00 217.00 162.00 17.00 193.00 131.00 43.00 224.00 249.00 37.00 202.00 60.00 230.00 153.00 97.00 232.00 131.00 189.00 226.00 214.00 135.00 241.00 52.00 183.00 67.00 82.00 82.00
224.00 26.00 124.00 129.00 62.00 159.00 210.00 228.00 45.00 250.00 49.00 120.00 244.00 191.00 110.00 191.00 130.00 75.00 31.00 202.00 216.00 237.00 74.00 19.00 45.00 187.00 65.00 89.00 196.00 229.00 50.00 247.00 232.00 5.00 226.00 13.00 139.00 124.00 14.00 87.00 111.00 132.00 16.00 102.00 241.00 1.00 130.00 221.00 46.00 46.00
100.00 60.00 222.00 241.00 23.00 62.00 153.00 151.00 161.00 9.00 65.00 105.00 242.00 31.00 168.00 19.00 89.00 94.00 52.00 81.00 59.00 231.00 106.00 145.00 34.00 41.00 153.00 186.00 140.00 47.00 89.00 98.00 160.00 170.00 209.00 155.00 104.00 121.00 48.00 51.00 99.00 188.00 87.00 105.00 166.00 172.00 74.00 67.00 241.00 241.00
104.00 86.00 173.00 214.00 98.00 144.00 142.00 92.00 117.00 161.00 99.00 103.00 54.00 133.00 168.00 84.00 164.00 8.00 19.00 122.00 63.00 211.00 107.00 175.00 8.00 116.00 135.00 202.00 181.00 228.00 248.00 117.00 127.00 40.00 60.00 133.00 100.00 97.00 46.00 85.00 220.00 147.00 173.00 133.00 162.00 33.00 255.00 192.00 151.00 151.00
221.00 181.00 137.00 132.00 171.00 230.00 29.00 248.00 50.00 61.00 54.00 236.00 161.00 171.00 146.00 8.00 124.00 213.00 203.00 2.00 36.00 33.00 191.00 55.00 16.00 212.00 39.00 147.00 136.00 238.00 109.00 215.00 111.00 187.00 148.00 178.00 149.00 132.00 80.00 220.00 98.00 104.00 83.00 187.00 178.00 36.00 87.00 136.00 29.00 29.00
159.00 91.00 234.00 143.00 187.00 73.00 217.00 204.00 162.00 141.00 78.00 136.00 41.00 7.00 201.00 4.00 180.00 41.00 214.00 5.00 191.00 76.00 224.00 50.00 4.00 130.00 95.00 219.00 9.00 53.00 120.00 28.00 162.00 28.00 21.00 133.00 134.00 17.00 235.00 14.00 201.00 169.00 216.00 185.00 176.00 25.00 38.00 104.00 237.00 237.00
124.00 124.00 211.00 107.00 31.00 243.00 85.00 242.00 9.00 111.00 90.00 40.00 6.00 109.00 238.00 194.00 27.00 162.00 40.00 169.00 213.00 246.00 184.00 72.00 98.00 8.00 183.00 70.00 154.00 161.00 111.00 1.00 186.00 6.00 181.00 197.00 45.00 128.00 172.00 208.00 245.00 167.00 51.00 239.00 157.00 210.00 177.00 142.00 50.00 50.00
140.00 197.00 21.00 219.00 88.00 42.00 164.00 120.00 54.00 115.00 8.00 154.00 157.00 116.00 147.00 218.00 90.00 244.00 211.00 226.00 16.00 179.00 23.00 18.00 94.00 58.00 152.00 49.00 137.00 59.00 208.00 83.00 25.00 45.00 39.00 243.00 19.00 141.00 167.00 225.00 112.00 37.00 201.00 189.00 216.00 125.00 104.00 251.00 13.00 13.00
191.00 152.00 106.00 170.00 103.00 157.00 233.00 103.00 39.00 254.00 20.00 112.00 188.00 18.00 1.00 24.00 47.00 54.00 164.00 67.00 139.00 111.00 178.00 89.00 21.00 66.00 180.00 70.00 53.00 216.00 130.00 65.00 151.00 130.00 14.00 173.00 237.00 164.00 51.00 50.00 181.00 103.00 61.00 116.00 47.00 116.00 73.00 90.00 119.00 119.00
176.00 243.00 221.00 70.00 123.00 104.00 175.00 48.00 194.00 215.00 225.00 136.00 76.00 8.00 222.00 197.00 219.00 79.00 222.00 81.00 194.00 178.00 69.00 199.00 187.00 68.00 100.00 5.00 79.00 202.00 202.00 156.00 9.00 158.00 47.00 151.00 41.00 159.00 98.00 20.00 84.00 189.00 216.00 10.00 242.00 231.00 80.00 156.00 99.00 99.00
129.00 35.00 231.00 98.00 160.00 224.00 226.00 71.00 255.00 91.00 153.00 226.00 40.00 193.00 36.00 225.00 120.00 86.00 195.00 125.00 136.00 179.00 28.00 110.00 105.00 55.00 210.00 84.00 220.00 95.00 107.00 228.00 221.00 99.00 12.00 72.00 191.00 156.00 95.00 43.00 143.00 41.00 35.00 224.00 189.00 73.00 86.00 26.00 101.00 101.00
80.00 117.00 215.00 89.00 80.00 93.00 120.00 219.00 77.00 45.00 87.00 135.00 240.00 20.00 167.00 17.00 141.00 215.00 157.00 70.00 79.00 238.00 199.00 92.00 18.00 240.00 236.00 248.00 180.00 212.00 75.00 163.00 34.00 113.00 126.00 157.00 106.00 228.00 235.00 194.00 138.00 225.00 236.00 244.00 70.00 29.00 151.00 27.00 210.00 210.00
57.00 44.00 121.00 125.00 141.00 94.00 9.00 20.00 63.00 35.00 74.00 49.00 10.00 62.00 33.00 124.00 23.00 171.00 124.00 141.00 6.00 124.00 187.00 189.00 131.00 109.00 135.00 236.00 60.00 191.00 119.00 230.00 94.00 245.00 141.00 232.00 112.00 190.00 169.00 46.00 248.00 249.00 251.00 238.00 186.00 196.00 198.00 247.00 68.00 68.00
18.00 9.00 219.00 180.00 30.00 199.00 54.00 182.00 161.00 94.00 140.00 60.00 11.00 3.00 191.00 2.00 101.00 24.00 149.00 145.00 167.00 152.00 140.00 35.00 101.00 252.00 192.00 236.00 185.00 8.00 158.00 3.00 218.00 17.00 103.00 249.00 73.00 108.00 84.00 114.00 33.00 82.00 197.00 102.00 184.00 90.00 89.00 163.00 94.00 94.00
30.00 66.00 54.00 42.00 155.00 242.00 92.00 186.00 14.00 88.00 21.00 141.00 84.00 221.00 153.00 219.00 102.00 236.00 164.00 13.00 236.00 76.00 254.00 247.00 160.00 155.00 85.00 129.00 239.00 223.00 174.00 104.00 123.00 60.00 47.00 164.00 127.00 84.00 62.00 172.00 88.00 157.00 60.00 198.00 232.00 114.00 101.00 235.00 252.00 252.00
65.00 162.00 60.00 37.00 89.00 172.00 75.00 172.00 76.00 239.00 64.00 233.00 157.00 152.00 213.00 95.00 219.00 204.00 107.00 14.00 210.00 99.00 1.00 229.00 204.00 197.00 40.00 187.00 72.00 133.00 99.00 233.00 77.00 174.00 85.00 20.00 102.00 22.00 45.00 176.00 67.00 114.00 164.00 70.00 32.00 76.00 222.00 147.00 243.00 243.00
238.00 185.00 3.00 143.00 66.00 248.00 160.00 100.00 156.00 54.00 209.00 90.00 59.00 220.00 155.00 181.00 185.00 163.00 174.00 186.00 160.00 18.00 220.00 45.00 215.00 25.00 188.00 37.00 207.00 23.00 59.00 49.00 17.00 69.00 8.00 131.00 39.00 188.00 53.00 191.00 221.00 154.00 137.00 44.00 45.00 36.00 135.00 170.00 249.00 249.00
4.00 253.00 130.00 126.00 237.00 182.00 116.00 89.00 47.00 18.00 18.00 189.00 170.00 54.00 190.00 173.00 41.00 213.00 199.00 13.00 235.00 195.00 100.00 121.00 78.00 166.00 218.00 178.00 2.00 248.00 133.00 82.00 152.00 41.00 197.00 5.00 142.00 50.00 39.00 76.00 245.00 44.00 72.00 226.00 137.00 62.00 150.00 124.00 53.00 53.00
122.00 92.00 20.00 146.00 100.00 157.00 53.00 231.00 107.00 238.00 113.00 189.00 63.00 33.00 234.00 155.00 243.00 94.00 148.00 43.00 238.00 189.00 124.00 197.00 155.00 121.00 241.00 237.00 8.00 115.00 71.00 153.00 1.00 243.00 166.00 100.00 173.00 227.00 127.00 154.00 138.00 231.00 214.00 197.00 10.00 12.00 29.00 46.00 187.00 187.00
208.00 236.00 138.00 19.00 40.00 49.00 116.00 235.00 149.00 96.00 119.00 41.00 23.00 53.00 180.00 60.00 245.00 235.00 180.00 76.00 18.00 162.00 63.00 253.00 241.00 129.00 253.00 51.00 20.00 254.00 76.00 51.00 166.00 20.00 250.00 192.00 140.00 83.00 91.00 53.00 25.00 81.00 241.00 233.00 181.00 67.00 184.00 30.00 65.00 65.00
47.00 240.00 104.00 86.00 47.00 63.00 107.00 189.00 40.00 53.00 46.00 80.00 247.00 52.00 77.00 173.00 198.00 59.00 210.00 240.00 37.00 137.00 75.00 111.00 14.00 170.00 40.00 249.00 166.00 178.00 76.00 42.00 62.00 156.00 102.00 208.00 83.00 58.00 96.00 161.00 220.00 53.00 134.00 234.00 199.00 18.00 21.00 128.00 42.00 42.00
60.00 219.00 3.00 158.00 183.00 121.00 213.00 197.00 43.00 214.00 62.00 7.00 155.00 239.00 15.00 131.00 121.00 78.00 133.00 214.00 48.00 17.00 145.00 39.00 145.00 228.00 114.00 213.00 61.00 155.00 136.00 93.00 89.00 90.00 186.00 55.00 187.00 22.00 91.00 96.00 128.00 215.00 172.00 80.00 37.00 122.00 54.00 239.00 71.00 71.00
3.00 165.00 15.00 188.00 255.00 62.00 231.00 173.00 184.00 149.00 200.00 196.00 116.00 137.00 169.00 102.00 126.00 209.00 102.00 178.00 232.00 204.00 27.00 110.00 92.00 58.00 160.00 96.00 76.00 116.00 117.00 56.00 155.00 4.00 180.00 11.00 115.00 229.00 165.00 124.00 81.00 232.00 89.00 248.00 68.00 31.00 3.00 88.00 136.00 136.00
139.00 98.00 180.00 133.00 22.00 223.00 71.00 56.00 103.00 126.00 83.00 187.00 31.00 22.00 129.00 181.00 150.00 237.00 66.00 216.00 139.00 186.00 55.00 17.00 75.00 218.00 84.00 46.00 50.00 169.00 49.00 210.00 129.00 48.00 53.00 78.00 185.00 155.00 11.00 29.00 51.00 53.00 144.00 27.00 59.00 15.00 174.00 242.00 182.00 182.00
209.00 126.00 83.00 128.00 7.00 212.00 238.00 12.00 18.00 147.00 175.00 167.00 119.00 111.00 76.00 17.00 8.00 168.00 81.00 41.00 179.00 153.00 200.00 133.00 226.00 54.00 88.00 250.00 68.00 137.00 142.00 136.00 161.00 114.00 26.00 88.00 228.00 199.00 240.00 165.00 150.00 229.00 205.00 219.00 61.00 97.00 133.00 31.00 93.00 93.00
252.00 167.00 137.00 121.00 119.00 148.00 200.00 96.00 45.00 45.00 195.00 76.00 247.00 57.00 146.00 171.00 21.00 170.00 24.00 4.00 124.00 101.00 35.00 238.00 3.00 139.00 196.00 228.00 52.00 34.00 162.00 110.00 51.00 92.00 225.00 81.00 39.00 195.00 48.00 220.00 236.00 35.00 3.00 202.00 113.00 26.00 211.00 71.00 176.00 176.00
180.00 102.00 160.00 74.00 62.00 41.00 21.00 71.00 220.00 181.00 13.00 149.00 51.00 52.00 189.00 127.00 137.00 237.00 85.00 109.00 68.00 224.00 212.00 7.00 223.00 210.00 83.00 174.00 220.00 30.00 131.00 240.00 87.00 149.00 8.00 125.00 132.00 253.00 40.00 199.00 35.00 212.00 209.00 179.00 140.00 156.00 101.00 228.00 12.00 12.00
120.00 122.00 179.00 158.00 128.00 77.00 240.00 158.00 99.00 67.00 251.00 157.00 40.00 171.00 231.00 58.00 89.00 207.00 7.00 251.00 225.00 26.00 180.00 124.00 217.00 60.00 11.00 8.00 179.00 72.00 226.00 9.00 5.00 17.00 34.00 3.00 153.00 199.00 104.00 36.00 46.00 192.00 101.00 190.00 68.00 118.00 196.00 200.00 102.00 102.00
