237.00 196.00 162.00 196.00 12.00 170.00 78.00 148.00 215.00 67.00 19.00 160.00 73.00 248.00 238.00 118.00 127.00 88.00 103.00 223.00 103.00 22.00 250.00 118.00 121.00 58.00 88.00 193.00 104.00 231.00 187.00 66.00 47.00 164.00 135.00 220.00 251.00 113.00 57.00 52.00 36.00 94.00 16.00 13.00 45.00 151.00 164.00 178.00 156.00 167.00 117.00 194.00 88.00 231.00 78.00 6.00 173.00 30.00 175.00 95.00 173.00 243.00 149.00 2.00 225.00 158.00 142.00 37.00 191.00 191.00
145.00 102.00 47.00 161.00 55.00 200.00 77.00 143.00 212.00 36.00 105.00 13.00 249.00 237.00 96.00 122.00 201.00 219.00 131.00 39.00 72.00 225.00 90.00 42.00 163.00 254.00 139.00 30.00 27.00 23.00 173.00 67.00 65.00 60.00 176.00 129.00 79.00 100.00 213.00 187.00 98.00 100.00 54.00 26.00 109.00 185.00 41.00 81.00 90.00 115.00 224.00 220.00 92.00 215.00 58.00 178.00 206.00 88.00 169.00 228.00 141.00 120.00 128.00 170.00 59.00 147.00 13.00 49.00 82.00 82.00
210.00 213.00 211.00 83.00 103.00 71.00 182.00 129.00 108.00 55.00 164.00 196.00 181.00 250.00 59.00 194.00 113.00 59.00 79.00 91.00 150.00 138.00 100.00 167.00 124.00 1.00 74.00 28.00 220.00 225.00 217.00 230.00 100.00 128.00 221.00 37.00 192.00 244.00 182.00 187.00 1.00 199.00 243.00 237.00 200.00 203.00 235.00 52.00 221.00 221.00 32.00 12.00 51.00 211.00 49.00 60.00 35.00 129.00 225.00 144.00 224.00 40.00 200.00 100.00 207.00 141.00 126.00 82.00 54.00 54.00
143.00 24.00 157.00 61.00 122.00 230.00 91.00 49.00 69.00 85.00 64.00 74.00 74.00 104.00 199.00 230.00 25.00 138.00 129.00 201.00 114.00 88.00 44.00 134.00 33.00 185.00 112.00 234.00 23.00 8.00 204.00 237.00 209.00 90.00 211.00 149.00 1.00 32.00 124.00 185.00 16.00 231.00 237.00 165.00 232.00 32.00 155.00 30.00 128.00 237.00 74.00 101.00 226.00 229.00 82.00 112.00 244.00 161.00 86.00 47.00 195.00 137.00 187.00 162.00 19.00 62.00 123.00 35.00 123.00 123.00
169.00 238.00 115.00 157.00 18.00 110.00 85.00 81.00 38.00 98.00 141.00 29.00 33.00 154.00 58.00 185.00 89.00 22.00 241.00 142.00 188.00 111.00 134.00 28.00 76.00 241.00 196.00 227.00 90.00 210.00 248.00 8.00 220.00 5.00 93.00 238.00 166.00 214.00 150.00 191.00 156.00 22.00 97.00 14.00 98.00 128.00 246.00 213.00 82.00 219.00 88.00 85.00 205.00 145.00 80.00 66.00 41.00 153.00 108.00 136.00 23.00 7.00 214.00 149.00 22.00 164.00 77.00 167.00 42.00 42.00
35.00 250.00 60.00 64.00 210.00 190.00 173.00 74.00 163.00 134.00 67.00 4.00 178.00 70.00 217.00 184.00 60.00 46.00 117.00 15.00 187.00 14.00 175.00 64.00 200.00 68.00 154.00 197.00 191.00 8.00 53.00 221.00 82.00 68.00 117.00 168.00 124.00 17.00 196.00 113.00 12.00 135.00 120.00 217.00 210.00 29.00 35.00 13.00 197.00 82.00 63.00 38.00 247.00 232.00 28.00 74.00 135.00 9.00 10.00 101.00 228.00 129.00 188.00 112.00 15.00 14.00 24.00 64.00 251.00 251.00
232.00 35.00 217.00 24.00 58.00 156.00 192.00 90.00 75.00 205.00 130.00 244.00 75.00 24.00 54.00 144.00 107.00 187.00 196.00 231.00 79.00 225.00 195.00 175.00 252.00 56.00 237.00 136.00 47.00 93.00 158.00 193.00 136.00 18.00 2.00 201.00 225.00 60.00 80.00 31.00 131.00 5.00 158.00 53.00 235.00 16.00 126.00 70.00 150.00 46.00 42.00 82.00 125.00 64.00 193.00 164.00 209.00 41.00 130.00 3.00 7.00 92.00 130.00 37.00 133.00 84.00 189.00 242.00 217.00 217.00
201.00 226.00 210.00 97.00 136.00 205.00 233.00 40.00 63.00 143.00 159.00 192.00 197.00 77.00 166.00 165.00 78.00 229.00 21.00 167.00 177.00 63.00 238.00 148.00 50.00 50.00 106.00 77.00 25.00 240.00 208.00 219.00 169.00 230.00 26.00 59.00 83.00 94.00 118.00 94.00 156.00 146.00 156.00 100.00 231.00 113.00 49.00 57.00 247.00 174.00 153.00 66.00 87.00 82.00 161.00 203.00 55.00 122.00 103.00 203.00 83.00 102.00 10.00 141.00 23.00 155.00 5.00 99.00 79.00 79.00
210.00 139.00 49.00 105.00 98.00 215.00 139.00 174.00 149.00 32.00 19.00 141.00 250.00 71.00 216.00 224.00 12.00 254.00 215.00 174.00 129.00 65.00 18.00 223.00 33.00 230.00 86.00 247.00 223.00 195.00 70.00 203.00 150.00 42.00 128.00 140.00 14.00 181.00 252.00 104.00 144.00 16.00 73.00 136.00 161.00 132.00 50.00 144.00 97.00 10.00 175.00 169.00 11.00 104.00 198.00 136.00 46.00 62.00 116.00 101.00 15.00 207.00 15.00 255.00 144.00 182.00 129.00 92.00 222.00 222.00
233.00 56.00 168.00 7.00 78.00 56.00 251.00 229.00 209.00 136.00 123.00 42.00 23.00 19.00 136.00 20.00 208.00 207.00 253.00 118.00 87.00 86.00 17.00 47.00 15.00 136.00 254.00 81.00 98.00 228.00 41.00 74.00 104.00 83.00 44.00 153.00 3.00 152.00 79.00 37.00 100.00 224.00 90.00 80.00 144.00 174.00 24.00 122.00 7.00 1.00 90.00 89.00 66.00 47.00 162.00 243.00 160.00 101.00 208.00 1.00 67.00 154.00 37.00 123.00 54.00 249.00 8.00 133.00 191.00 191.00
142.00 171.00 167.00 39.00 92.00 223.00 146.00 56.00 37.00 175.00 145.00 66.00 152.00 225.00 78.00 151.00 199.00 212.00 246.00 85.00 215.00 199.00 198.00 53.00 123.00 5.00 118.00 75.00 69.00 72.00 73.00 98.00 43.00 184.00 166.00 62.00 12.00 37.00 173.00 72.00 213.00 144.00 186.00 10.00 46.00 13.00 116.00 35.00 121.00 178.00 172.00 107.00 187.00 226.00 183.00 237.00 33.00 109.00 104.00 75.00 161.00 22.00 105.00 141.00 3.00 56.00 94.00 31.00 156.00 156.00
216.00 115.00 2.00 33.00 73.00 227.00 205.00 144.00 143.00 191.00 166.00 72.00 234.00 136.00 70.00 179.00 203.00 3.00 199.00 76.00 198.00 231.00 182.00 179.00 162.00 14.00 70.00 211.00 165.00 230.00 255.00 56.00 135.00 63.00 59.00 165.00 154.00 60.00 209.00 8.00 182.00 107.00 240.00 121.00 1.00 56.00 199.00 26.00 143.00 248.00 157.00 79.00 254.00 91.00 199.00 35.00 200.00 81.00 223.00 105.00 122.00 79.00 119.00 108.00 116.00 19.00 49.00 54.00 182.00 182.00
160.00 227.00 42.00 53.00 133.00 15.00 212.00 168.00 113.00 210.00 6.00 65.00 18.00 29.00 213.00 241.00 106.00 88.00 188.00 43.00 103.00 77.00 235.00 178.00 163.00 46.00 49.00 101.00 144.00 111.00 132.00 113.00 100.00 177.00 74.00 140.00 92.00 212.00 248.00 206.00 108.00 218.00 146.00 110.00 56.00 111.00 73.00 6.00 217.00 213.00 104.00 84.00 236.00 24.00 24.00 230.00 130.00 67.00 3.00 239.00 129.00 178.00 68.00 46.00 22.00 131.00 163.00 222.00 186.00 186.00
61.00 169.00 95.00 6.00 154.00 171.00 199.00 254.00 128.00 248.00 48.00 215.00 155.00 155.00 91.00 1.00 194.00 47.00 169.00 196.00 21.00 184.00 83.00 218.00 28.00 207.00 162.00 44.00 195.00 107.00 25.00 249.00 175.00 18.00 151.00 228.00 243.00 152.00 17.00 201.00 164.00 78.00 217.00 3.00 201.00 161.00 177.00 35.00 157.00 204.00 132.00 73.00 212.00 221.00 19.00 19.00 199.00 190.00 205.00 145.00 48.00 151.00 164.00 61.00 114.00 167.00 184.00 97.00 99.00 99.00
161.00 107.00 90.00 242.00 29.00 231.00 38.00 60.00 96.00 203.00 55.00 7.00 179.00 45.00 185.00 86.00 146.00 143.00 228.00 149.00 83.00 128.00 239.00 15.00 93.00 153.00 213.00 48.00 169.00 77.00 136.00 240.00 181.00 198.00 115.00 92.00 98.00 173.00 169.00 161.00 173.00 90.00 90.00 245.00 189.00 34.00 104.00 252.00 50.00 146.00 147.00 104.00 69.00 139.00 12.00 110.00 44.00 215.00 136.00 221.00 28.00 169.00 133.00 48.00 5.00 238.00 226.00 1.00 32.00 32.00
138.00 27.00 124.00 218.00 104.00 78.00 209.00 224.00 42.00 161.00 139.00 29.00 195.00 41.00 41.00 169.00 82.00 113.00 94.00 151.00 155.00 3.00 105.00 47.00 149.00 72.00 197.00 40.00 41.00 147.00 252.00 2.00 197.00 254.00 152.00 130.00 166.00 44.00 239.00 145.00 53.00 22.00 98.00 112.00 193.00 26.00 147.00 210.00 61.00 25.00 42.00 33.00 131.00 61.00 57.00 66.00 155.00 200.00 124.00 119.00 153.00 99.00 15.00 49.00 52.00 192.00 27.00 216.00 68.00 68.00
237.00 199.00 111.00 183.00 83.00 17.00 132.00 137.00 102.00 148.00 39.00 99.00 101.00 49.00 193.00 234.00 233.00 241.00 144.00 192.00 107.00 40.00 57.00 198.00 45.00 185.00 255.00 121.00 87.00 132.00 148.00 156.00 79.00 110.00 227.00 57.00 186.00 71.00 107.00 84.00 156.00 220.00 74.00 26.00 39.00 2.00 196.00 233.00 143.00 235.00 154.00 129.00 249.00 204.00 64.00 153.00 42.00 81.00 192.00 87.00 15.00 83.00 164.00 137.00 64.00 217.00 86.00 198.00 23.00 23.00
65.00 21.00 126.00 37.00 119.00 165.00 135.00 86.00 74.00 65.00 76.00 80.00 244.00 215.00 214.00 35.00 7.00 229.00 127.00 199.00 43.00 142.00 215.00 136.00 178.00 161.00 222.00 70.00 233.00 229.00 74.00 178.00 212.00 248.00 53.00 32.00 48.00 11.00 100.00 24.00 104.00 6.00 103.00 100.00 41.00 139.00 227.00 89.00 234.00 231.00 31.00 94.00 243.00 20.00 97.00 75.00 11.00 36.00 236.00 40.00 14.00 221.00 237.00 211.00 171.00 187.00 58.00 137.00 202.00 202.00
250.00 155.00 196.00 215.00 101.00 127.00 26.00 217.00 82.00 33.00 135.00 108.00 112.00 251.00 147.00 248.00 157.00 237.00 202.00 109.00 111.00 55.00 131.00 72.00 55.00 25.00 193.00 18.00 33.00 165.00 124.00 164.00 235.00 199.00 158.00 220.00 165.00 12.00 185.00 197.00 231.00 80.00 249.00 32.00 210.00 178.00 51.00 225.00 33.00 229.00 15.00 229.00 147.00 227.00 168.00 128.00 206.00 69.00 107.00 175.00 23.00 198.00 246.00 49.00 209.00 52.00 150.00 235.00 37.00 37.00
234.00 212.00 255.00 126.00 81.00 186.00 112.00 47.00 137.00 24.00 141.00 109.00 164.00 118.00 249.00 32.00 181.00 152.00 117.00 95.00 255.00 5.00 18.00 217.00 97.00 153.00 6.00 225.00 108.00 197.00 197.00 203.00 32.00 84.00 53.00 126.00 18.00 103.00 98.00 248.00 132.00 183.00 74.00 103.00 108.00 42.00 107.00 38.00 173.00 33.00 205.00 240.00 57.00 92.00 92.00 113.00 218.00 232.00 42.00 213.00 11.00 167.00 84.00 140.00 50.00 36.00 218.00 186.00 15.00 15.00
251.00 155.00 205.00 230.00 74.00 240.00 149.00 110.00 92.00 66.00 114.00 180.00 114.00 250.00 206.00 44.00 177.00 8.00 204.00 28.00 45.00 15.00 16.00 203.00 125.00 182.00 113.00 41.00 48.00 170.00 112.00 226.00 70.00 245.00 44.00 89.00 159.00 208.00 32.00 220.00 194.00 181.00 132.00 220.00 1.00 188.00 202.00 240.00 92.00 248.00 161.00 171.00 196.00 244.00 121.00 105.00 174.00 139.00 173.00 36.00 167.00 157.00 106.00 112.00 237.00 235.00 59.00 9.00 206.00 206.00
187.00 224.00 56.00 233.00 207.00 150.00 242.00 38.00 218.00 57.00 7.00 169.00 202.00 168.00 169.00 148.00 15.00 165.00 237.00 14.00 87.00 24.00 138.00 169.00 57.00 125.00 9.00 170.00 246.00 216.00 122.00 113.00 154.00 35.00 242.00 71.00 189.00 242.00 163.00 39.00 184.00 48.00 186.00 36.00 175.00 200.00 49.00 39.00 105.00 151.00 78.00 72.00 168.00 200.00 250.00 20.00 253.00 186.00 21.00 49.00 67.00 222.00 47.00 218.00 120.00 14.00 95.00 131.00 80.00 80.00
171.00 80.00 148.00 238.00 204.00 151.00 148.00 76.00 192.00 10.00 134.00 186.00 210.00 178.00 110.00 220.00 80.00 75.00 216.00 239.00 205.00 113.00 249.00 234.00 212.00 52.00 44.00 223.00 51.00 254.00 8.00 165.00 214.00 55.00 44.00 254.00 23.00 255.00 228.00 147.00 233.00 229.00 12.00 89.00 125.00 250.00 202.00 4.00 142.00 78.00 34.00 115.00 104.00 167.00 69.00 117.00 150.00 152.00 144.00 230.00 74.00 194.00 236.00 67.00 155.00 13.00 228.00 76.00 249.00 249.00
126.00 186.00 163.00 158.00 174.00 120.00 162.00 65.00 59.00 197.00 66.00 164.00 25.00 160.00 105.00 198.00 65.00 232.00 47.00 71.00 80.00 63.00 250.00 240.00 48.00 30.00 119.00 53.00 112.00 128.00 37.00 92.00 217.00 204.00 144.00 152.00 121.00 171.00 89.00 49.00 237.00 118.00 41.00 64.00 159.00 8.00 79.00 148.00 92.00 181.00 196.00 174.00 26.00 27.00 31.00 164.00 180.00 114.00 252.00 237.00 57.00 254.00 132.00 213.00 67.00 227.00 61.00 165.00 29.00 29.00
66.00 244.00 31.00 52.00 152.00 52.00 56.00 182.00 244.00 202.00 40.00 16.00 179.00 30.00 36.00 251.00 209.00 52.00 124.00 223.00 228.00 66.00 89.00 11.00 157.00 202.00 217.00 239.00 9.00 140.00 252.00 3.00 171.00 28.00 25.00 72.00 81.00 6.00 83.00 11.00 226.00 15.00 76.00 97.00 141.00 50.00 206.00 202.00 78.00 246.00 165.00 124.00 151.00 7.00 7.00 92.00 157.00 167.00 83.00 28.00 86.00 173.00 42.00 2.00 123.00 214.00 222.00 68.00 253.00 253.00
184.00 26.00 156.00 80.00 206.00 44.00 144.00 32.00 97.00 109.00 254.00 190.00 180.00 192.00 250.00 135.00 140.00 212.00 158.00 68.00 114.00 71.00 114.00 189.00 38.00 178.00 168.00 93.00 18.00 43.00 177.00 193.00 234.00 78.00 206.00 142.00 52.00 177.00 94.00 36.00 73.00 157.00 250.00 6.00 103.00 63.00 74.00 86.00 9.00 213.00 193.00 180.00 202.00 236.00 227.00 68.00 117.00 116.00 215.00 254.00 237.00 96.00 80.00 81.00 91.00 146.00 121.00 47.00 85.00 85.00
25.00 152.00 229.00 33.00 155.00 4.00 114.00 221.00 224.00 164.00 116.00 172.00 135.00 203.00 54.00 215.00 89.00 138.00 50.00 12.00 201.00 218.00 18.00 150.00 159.00 18.00 130.00 90.00 128.00 5.00 142.00 221.00 78.00 28.00 176.00 18.00 198.00 62.00 194.00 135.00 154.00 25.00 41.00 28.00 182.00 133.00 12.00 226.00 108.00 94.00 208.00 115.00 226.00 94.00 221.00 249.00 45.00 127.00 220.00 112.00 84.00 125.00 92.00 50.00 46.00 184.00 163.00 228.00 61.00 61.00
233.00 234.00 139.00 172.00 242.00 226.00 17.00 20.00 99.00 163.00 118.00 74.00 97.00 135.00 215.00 156.00 34.00 52.00 211.00 166.00 34.00 162.00 29.00 250.00 68.00 173.00 201.00 236.00 198.00 31.00 199.00 165.00 98.00 191.00 152.00 230.00 15.00 206.00 33.00 95.00 131.00 45.00 103.00 176.00 246.00 210.00 118.00 98.00 216.00 179.00 139.00 167.00 54.00 171.00 165.00 157.00 136.00 194.00 83.00 131.00 89.00 126.00 107.00 209.00 39.00 23.00 147.00 34.00 112.00 112.00
14.00 25.00 31.00 209.00 116.00 183.00 115.00 251.00 78.00 217.00 113.00 57.00 179.00 214.00 80.00 183.00 100.00 177.00 190.00 193.00 8.00 68.00 110.00 221.00 62.00 210.00 107.00 74.00 70.00 237.00 37.00 145.00 201.00 73.00 137.00 239.00 95.00 178.00 218.00 225.00 223.00 46.00 119.00 108.00 116.00 100.00 239.00 22.00 76.00 68.00 244.00 70.00 177.00 103.00 23.00 160.00 78.00 211.00 229.00 131.00 138.00 118.00 242.00 185.00 61.00 108.00 253.00 91.00 50.00 50.00
127.00 1.00 18.00 71.00 73.00 47.00 187.00 94.00 101.00 190.00 198.00 171.00 111.00 137.00 61.00 140.00 107.00 82.00 144.00 136.00 127.00 110.00 76.00 124.00 148.00 204.00 41.00 103.00 114.00 143.00 40.00 11.00 168.00 126.00 136.00 51.00 137.00 57.00 102.00 89.00 78.00 234.00 188.00 75.00 251.00 241.00 110.00 233.00 97.00 140.00 69.00 11.00 124.00 214.00 19.00 212.00 69.00 44.00 204.00 10.00 191.00 160.00 9.00 189.00 233.00 20.00 194.00 198.00 160.00 160.00
205.00 39.00 73.00 255.00 143.00 118.00 166.00 139.00 236.00 89.00 184.00 56.00 182.00 86.00 192.00 46.00 222.00 136.00 67.00 113.00 195.00 144.00 242.00 222.00 26.00 126.00 214.00 145.00 204.00 115.00 219.00 20.00 193.00 197.00 11.00 179.00 221.00 34.00 149.00 28.00 104.00 83.00 32.00 64.00 120.00 77.00 194.00 136.00 2.00 2.00 125.00 160.00 248.00 212.00 86.00 112.00 88.00 182.00 141.00 239.00 157.00 112.00 202.00 143.00 2.00 248.00 193.00 129.00 177.00 177.00
186.00 248.00 121.00 168.00 182.00 158.00 138.00 145.00 80.00 90.00 84.00 148.00 66.00 228.00 115.00 212.00 40.00 127.00 91.00 77.00 155.00 27.00 240.00 121.00 64.00 238.00 72.00 203.00 191.00 148.00 84.00 141.00 58.00 220.00 169.00 198.00 233.00 167.00 37.00 233.00 63.00 59.00 228.00 67.00 177.00 132.00 61.00 58.00 97.00 129.00 199.00 246.00 174.00 145.00 183.00 166.00 197.00 84.00 187.00 69.00 32.00 39.00 111.00 118.00 20.00 83.00 14.00 73.00 245.00 245.00
179.00 74.00 217.00 112.00 11.00 230.00 83.00 185.00 124.00 217.00 105.00 204.00 202.00 136.00 120.00 74.00 98.00 54.00 11.00 174.00 137.00 190.00 67.00 22.00 35.00 177.00 78.00 81.00 79.00 175.00 42.00 154.00 11.00 14.00 122.00 151.00 89.00 179.00 73.00 189.00 152.00 233.00 18.00 134.00 231.00 131.00 166.00 39.00 197.00 96.00 96.00 102.00 190.00 240.00 232.00 48.00 161.00 103.00 166.00 15.00 17.00 77.00 24.00 95.00 232.00 71.00 211.00 109.00 140.00 140.00
222.00 223.00 94.00 183.00 91.00 38.00 231.00 39.00 234.00 202.00 146.00 123.00 252.00 30.00 254.00 156.00 239.00 244.00 207.00 156.00 220.00 225.00 146.00 247.00 248.00 209.00 115.00 52.00 230.00 229.00 137.00 182.00 148.00 93.00 95.00 58.00 14.00 152.00 75.00 45.00 107.00 90.00 230.00 119.00 192.00 68.00 76.00 125.00 30.00 229.00 231.00 80.00 248.00 131.00 79.00 13.00 168.00 75.00 195.00 70.00 170.00 6.00 87.00 136.00 244.00 190.00 69.00 20.00 195.00 195.00
6.00 14.00 173.00 234.00 202.00 182.00 90.00 53.00 37.00 78.00 58.00 197.00 192.00 60.00 1.00 114.00 138.00 99.00 107.00 122.00 199.00 7.00 24.00 176.00 254.00 77.00 209.00 1.00 141.00 97.00 44.00 107.00 54.00 82.00 91.00 241.00 207.00 27.00 190.00 157.00 137.00 245.00 247.00 37.00 240.00 94.00 174.00 209.00 99.00 243.00 146.00 60.00 32.00 215.00 121.00 234.00 125.00 227.00 161.00 8.00 61.00 75.00 16.00 221.00 102.00 246.00 223.00 217.00 148.00 148.00
172.00 102.00 255.00 147.00 14.00 132.00 189.00 113.00 134.00 17.00 155.00 110.00 42.00 28.00 199.00 133.00 126.00 201.00 167.00 34.00 80.00 151.00 119.00 68.00 208.00 186.00 81.00 217.00 53.00 21.00 246.00 70.00 234.00 18.00 219.00 4.00 59.00 53.00 14.00 61.00 113.00 15.00 29.00 45.00 14.00 150.00 90.00 51.00 226.00 216.00 3.00 173.00 208.00 93.00 67.00 186.00 225.00 74.00 199.00 120.00 195.00 186.00 249.00 110.00 172.00 103.00 204.00 52.00 49.00 49.00
183.00 148.00 22.00 49.00 215.00 164.00 193.00 83.00 137.00 251.00 190.00 79.00 184.00 118.00 189.00 187.00 15.00 248.00 136.00 166.00 21.00 122.00 98.00 57.00 66.00 123.00 172.00 179.00 222.00 197.00 112.00 150.00 246.00 138.00 4.00 135.00 241.00 105.00 29.00 55.00 244.00 62.00 190.00 22.00 242.00 116.00 157.00 235.00 195.00 171.00 249.00 79.00 109.00 119.00 134.00 144.00 171.00 61.00 183.00 210.00 185.00 182.00 186.00 67.00 218.00 84.00 199.00 120.00 34.00 34.00
235.00 178.00 29.00 105.00 124.00 147.00 229.00 32.00 112.00 31.00 187.00 87.00 3.00 229.00 174.00 84.00 157.00 133.00 136.00 108.00 11.00 36.00 115.00 89.00 142.00 87.00 109.00 191.00 175.00 142.00 92.00 72.00 19.00 222.00 90.00 34.00 10.00 88.00 152.00 164.00 214.00 1.00 223.00 128.00 25.00 131.00 25.00 155.00 149.00 150.00 208.00 176.00 135.00 170.00 200.00 152.00 174.00 45.00 38.00 207.00 247.00 233.00 126.00 25.00 80.00 144.00 233.00 148.00 151.00 151.00
39.00 133.00 120.00 253.00 98.00 18.00 1.00 148.00 199.00 248.00 81.00 47.00 28.00 17.00 15.00 28.00 189.00 233.00 189.00 41.00 38.00 89.00 23.00 210.00 183.00 232.00 198.00 51.00 130.00 25.00 250.00 72.00 232.00 244.00 23.00 82.00 192.00 51.00 253.00 245.00 240.00 138.00 52.00 128.00 9.00 107.00 147.00 53.00 124.00 14.00 214.00 3.00 62.00 59.00 116.00 154.00 98.00 168.00 13.00 236.00 19.00 201.00 224.00 229.00 130.00 147.00 54.00 216.00 154.00 154.00
36.00 118.00 30.00 73.00 158.00 92.00 80.00 82.00 205.00 251.00 55.00 48.00 204.00 47.00 136.00 228.00 252.00 58.00 226.00 117.00 174.00 208.00 158.00 135.00 239.00 17.00 10.00 134.00 155.00 33.00 47.00 183.00 94.00 63.00 96.00 32.00 38.00 176.00 75.00 137.00 146.00 4.00 103.00 31.00 178.00 228.00 158.00 49.00 159.00 153.00 84.00 58.00 36.00 127.00 107.00 169.00 134.00 112.00 158.00 3.00 99.00 147.00 29.00 86.00 210.00 63.00 127.00 122.00 65.00 65.00
234.00 171.00 10.00 251.00 205.00 214.00 232.00 19.00 32.00 158.00 235.00 201.00 105.00 56.00 51.00 4.00 148.00 20.00 221.00 72.00 171.00 95.00 27.00 62.00 110.00 208.00 201.00 94.00 187.00 100.00 236.00 14.00 46.00 113.00 181.00 63.00 158.00 63.00 109.00 32.00 31.00 80.00 216.00 203.00 199.00 177.00 51.00 21.00 6.00 157.00 29.00 80.00 21.00 155.00 252.00 28.00 212.00 65.00 185.00 110.00 110.00 46.00 159.00 34.00 148.00 58.00 107.00 83.00 198.00 198.00
145.00 185.00 222.00 124.00 13.00 183.00 86.00 60.00 144.00 173.00 151.00 183.00 90.00 32.00 78.00 229.00 52.00 238.00 55.00 85.00 90.00 79.00 53.00 114.00 113.00 154.00 244.00 210.00 82.00 194.00 168.00 229.00 98.00 137.00 194.00 197.00 238.00 10.00 17.00 184.00 29.00 164.00 167.00 162.00 166.00 137.00 212.00 194.00 117.00 247.00 145.00 212.00 238.00 87.00 177.00 117.00 208.00 211.00 44.00 88.00 97.00 137.00 84.00 170.00 63.00 219.00 142.00 158.00 117.00 117.00
122.00 39.00 157.00 1.00 157.00 227.00 150.00 208.00 49.00 233.00 181.00 147.00 224.00 234.00 166.00 5.00 206.00 114.00 253.00 54.00 246.00 244.00 206.00 211.00 178.00 249.00 149.00 114.00 35.00 171.00 49.00 29.00 208.00 139.00 193.00 124.00 74.00 57.00 110.00 59.00 151.00 3.00 76.00 9.00 83.00 165.00 131.00 86.00 202.00 253.00 247.00 200.00 7.00 189.00 229.00 65.00 135.00 168.00 220.00 255.00 245.00 205.00 54.00 201.00 49.00 218.00 16.00 135.00 191.00 191.00
79.00 107.00 188.00 12.00 220.00 227.00 124.00 183.00 167.00 39.00 67.00 204.00 229.00 34.00 96.00 84.00 102.00 5.00 32.00 252.00 73.00 165.00 95.00 211.00 200.00 238.00 67.00 200.00 12.00 232.00 205.00 219.00 24.00 200.00 252.00 154.00 64.00 13.00 91.00 84.00 174.00 104.00 196.00 176.00 158.00 125.00 196.00 215.00 114.00 97.00 21.00 127.00 29.00 168.00 148.00 7.00 141.00 141.00 225.00 207.00 3.00 219.00 124.00 225.00 216.00 11.00 102.00 106.00 64.00 64.00
251.00 89.00 37.00 199.00 115.00 75.00 227.00 117.00 2.00 224.00 80.00 214.00 19.00 221.00 101.00 252.00 112.00 129.00 90.00 101.00 167.00 182.00 252.00 89.00 241.00 250.00 253.00 156.00 151.00 98.00 5.00 67.00 166.00 149.00 207.00 113.00 145.00 229.00 221.00 94.00 64.00 146.00 69.00 17.00 211.00 152.00 100.00 15.00 109.00 19.00 22.00 88.00 157.00 155.00 175.00 15.00 228.00 226.00 149.00 86.00 126.00 32.00 184.00 37.00 31.00 164.00 35.00 164.00 218.00 218.00
95.00 147.00 132.00 105.00 14.00 61.00 65.00 244.00 132.00 155.00 107.00 10.00 130.00 140.00 242.00 177.00 176.00 209.00 144.00 137.00 232.00 254.00 236.00 111.00 167.00 217.00 118.00 87.00 151.00 191.00 146.00 205.00 133.00 44.00 207.00 222.00 103.00 93.00 98.00 178.00 210.00 182.00 74.00 166.00 55.00 236.00 123.00 248.00 132.00 230.00 206.00 90.00 237.00 204.00 122.00 253.00 11.00 240.00 223.00 204.00 10.00 221.00 228.00 48.00 187.00 15.00 41.00 222.00 78.00 78.00
102.00 117.00 77.00 183.00 103.00 190.00 238.00 253.00 228.00 199.00 155.00 121.00 162.00 43.00 187.00 218.00 22.00 172.00 134.00 79.00 151.00 104.00 65.00 164.00 37.00 162.00 75.00 100.00 110.00 255.00 6.00 242.00 81.00 228.00 222.00 137.00 215.00 141.00 7.00 77.00 109.00 187.00 158.00 156.00 249.00 32.00 192.00 211.00 138.00 118.00 229.00 182.00 48.00 65.00 254.00 44.00 63.00 55.00 202.00 62.00 120.00 209.00 202.00 207.00 82.00 112.00 176.00 156.00 110.00 110.00
14.00 163.00 87.00 177.00 81.00 8.00 132.00 50.00 39.00 44.00 29.00 12.00 233.00 235.00 141.00 185.00 134.00 73.00 129.00 153.00 215.00 14.00 159.00 133.00 7.00 59.00 61.00 221.00 42.00 176.00 209.00 233.00 124.00 30.00 223.00 239.00 63.00 161.00 237.00 127.00 182.00 86.00 81.00 157.00 104.00 213.00 55.00 202.00 147.00 69.00 73.00 108.00 19.00 28.00 226.00 210.00 110.00 51.00 111.00 30.00 222.00 122.00 187.00 205.00 62.00 138.00 93.00 42.00 138.00 138.00
22.00 136.00 194.00 48.00 205.00 200.00 125.00 154.00 202.00 205.00 22.00 155.00 158.00 202.00 67.00 152.00 135.00 151.00 235.00 1.00 14.00 168.00 72.00 226.00 159.00 5.00 90.00 80.00 169.00 35.00 208.00 169.00 112.00 53.00 112.00 179.00 186.00 205.00 43.00 102.00 189.00 208.00 45.00 136.00 248.00 175.00 208.00 237.00 218.00 144.00 104.00 167.00 44.00 231.00 186.00 224.00 114.00 151.00 83.00 14.00 72.00 122.00 62.00 243.00 252.00 61.00 253.00 173.00 190.00 190.00
12.00 194.00 80.00 53.00 138.00 221.00 78.00 207.00 149.00 112.00 68.00 73.00 114.00 210.00 18.00 124.00 27.00 201.00 167.00 197.00 11.00 145.00 162.00 246.00 70.00 41.00 210.00 110.00 241.00 210.00 79.00 56.00 216.00 192.00 215.00 60.00 159.00 171.00 87.00 83.00 120.00 105.00 211.00 6.00 71.00 2.00 223.00 148.00 152.00 166.00 199.00 32.00 35.00 3.00 6.00 122.00 114.00 154.00 189.00 176.00 216.00 253.00 105.00 23.00 130.00 34.00 10.00 134.00 246.00 246.00
